683104
683105
683106
683107
683108
683109
683110
683111
683112
683113
683114
683115
683116
683117
683118
683119
683120
683121
683122
683123
683124
683125
683126
683127
683128
683129
683130
683131
683132
683133
683134
683135
683136
683137
683138
683139
683140
683141
683142
683143
683144
683145
683146
683147
683148
683149
683150
683151
683152
683153
683154
683155
683156
683157
683158
683159
683160
683161
683162
683163
683164
683165
683166
683167
683168
683169
683170
683171
683172
683173
683174
683175
683176
683177
683178
683179
683180
683181
683182
683183
683184
683185
683186
683187
683188
683189
683190
683191
683192
683193
683194
683195
683196
683197
683198
683199
683200
683201
683202
683203
683204
683205
683206
683207
683208
683209
683210
683211
683212
683213
683214
683215
683216
683217
683218
683219
683220
683221
683222
683223
683224
683225
683226
683227
683228
683229
683230
683231
683232
683233
683234
683235
683236
683237
683238
683239
683240
683241
683242
683243
683244
683245
683246
683247
683248
683249
683250
683251
683252
683253
683254
683255
683256
683257
683258
683259
683260
683261
683262
683263
683264
683265
683266
683267
683268
683269
683270
683271
683272
683273
683274
683275
683276
683277
683278
683279
683280
683281
683282
683283
683284
683285
683286
683287
683288
683289
683290
683291
683292
683293
683294
683295
683296
683297
683298
683299
683300
683301
683302
683303
683304
683305
683306
683307
683308
683309
683310
683311
683312
683313
683314
683315
683316
683317
683318
683319
683320
683321
683322
683323
683324
683325
683326
683327
683328
683329
683330
683331
683332
683333
683334
683335
683336
683337
683338
683339
683340
683341
683342
683343
683344
683345
683346
683347
683348
683349
683350
683351
683352
683353
683354
683355
683356
683357
683358
683359
683360
683361
683362
683363
683364
683365
683366
683367
683368
683369
683370
683371
683372
683373
683374
683375
683376
683377
683378
683379
683380
683381
683382
683383
683384
683385
683386
683387
683388
683389
683390
683391
683392
683393
683394
683395
683396
683397
683398
683399
683400
683401
683402
683403
683404
683405
683406
683407
683408
683409
683410
683411
683412
683413
683414
683415
683416
683417
683418
683419
683420
683421
683422
683423
683424
683425
683426
683427
683428
683429
683430
683431
683432
683433
683434
683435
683436
683437
683438
683439
683440
683441
683442
683443
683444
683445
683446
683447
683448
683449
683450
683451
683452
683453
683454
683455
683456
683457
683458
683459
683460
683461
683462
683463
683464
683465
683466
683467
683468
683469
683470
683471
683472
683473
683474
683475
683476
683477
683478
683479
683480
683481
683482
683483
683484
683485
683486
683487
683488
683489
683490
683491
683492
683493
683494
683495
683496
683497
683498
683499
683500
683501
683502
683503
683504
683505
683506
683507
683508
683509
683510
683511
683512
683513
683514
683515
683516
683517
683518
683519
683520
683521
683522
683523
683524
683525
683526
683527
683528
683529
683530
683531
683532
683533
683534
683535
683536
683537
683538
683539
683540
683541
683542
683543
683544
683545
683546
683547
683548
683549
683550
683551
683552
683553
683554
683555
683556
683557
683558
683559
683560
683561
683562
683563
683564
683565
683566
683567
683568
683569
683570
683571
683572
683573
683574
683575
683576
683577
683578
683579
683580
683581
683582
683583
683584
683585
683586
683587
683588
683589
683590
683591
683592
683593
683594
683595
683596
683597
683598
683599
683600
683601
683602
683603
683604
683605
683606
683607
683608
683609
683610
683611
683612
683613
683614
683615
683616
683617
683618
683619
683620
683621
683622
683623
683624
683625
683626
683627
683628
683629
683630
683631
683632
683633
683634
683635
683636
683637
683638
683639
683640
683641
683642
683643
683644
683645
683646
683647
683648
683649
683650
683651
683652
683653
683654
683655
683656
683657
683658
683659
683660
683661
683662
683663
683664
683665
683666
683667
683668
683669
683670
683671
683672
683673
683674
683675
683676
683677
683678
683679
683680
683681
683682
683683
683684
683685
683686
683687
683688
683689
683690
683691
683692
683693
683694
683695
683696
683697
683698
683699
683700
683701
683702
683703
683704
683705
683706
683707
683708
683709
683710
683711
683712
683713
683714
683715
683716
683717
683718
683719
683720
683721
683722
683723
683724
683725
683726
683727
683728
683729
683730
683731
683732
683733
683734
683735
683736
683737
683738
683739
683740
683741
683742
683743
683744
683745
683746
683747
683748
683749
683750
683751
683752
683753
683754
683755
683756
683757
683758
683759
683760
683761
683762
683763
683764
683765
683766
683767
683768
683769
683770
683771
683772
683773
683774
683775
683776
683777
683778
683779
683780
683781
683782
683783
683784
683785
683786
683787
683788
683789
683790
683791
683792
683793
683794
683795
683796
683797
683798
683799
683800
683801
683802
683803
683804
683805
683806
683807
683808
683809
683810
683811
683812
683813
683814
683815
683816
683817
683818
683819
683820
683821
683822
683823
683824
683825
683826
683827
683828
683829
683830
683831
683832
683833
683834
683835
683836
683837
683838
683839
683840
683841
683842
683843
683844
683845
683846
683847
683848
683849
683850
683851
683852
683853
683854
683855
683856
683857
683858
683859
683860
683861
683862
683863
683864
683865
683866
683867
683868
683869
683870
683871
683872
683873
683874
683875
683876
683877
683878
683879
683880
683881
683882
683883
683884
683885
683886
683887
683888
683889
683890
683891
683892
683893
683894
683895
683896
683897
683898
683899
683900
683901
683902
683903
683904
683905
683906
683907
683908
683909
683910
683911
683912
683913
683914
683915
683916
683917
683918
683919
684282
684283
685684
685685
686992
686993
686994
686995
686996
686997
686998
686999
687000
687001
687002
687003
687004
687005
687006
687007
687608
687609
687610
687611
687612
687613
687614
687615
687616
687617
687618
687619
687620
687621
687622
687623
687624
687625
687626
687627
687628
687629
687630
687631
687632
687633
687638
687639
687640
687641
687642
687643
687644
687645
687646
687647
687648
687649
687650
687651
687652
687653
687654
687655
687656
687657
688258
688259
689460
689461
689462
689463
689464
689465
689466
689467
689468
689469
689470
689471
689472
689473
689474
689475
689476
689477
689478
689479
689480
689481
689482
689483
689484
689485
690194
690195
690196
690197
690198
690199
690200
690201
690202
690203
690204
690205
690206
690207
690208
690209
690210
690211
690212
690213
690810
690811
690812
690813
690814
690815
690816
690817
691278
691279
691280
691281
691282
691283
691284
691285
691286
691287
691288
691289
692490
692491
692492
692493
692494
692495
692496
692497
692498
692499
692500
692501
692502
692503
692504
692505
692506
692507
692708
692709
692710
692711
692712
692713
692714
692715
692716
692717
692718
692719
692720
692721
692722
692723
692724
692725
692726
692727
692728
692729
692730
692731
692732
692733
692734
692735
692736
692737
692738
692739
692740
692741
692742
692743
692744
692745
692746
692747
694268
694269
694270
694271
694272
694273
694274
694275
694276
694277
694278
694279
694280
694281
694282
694283
694284
694285
694286
694287
694288
694289
694290
694291
694292
694293
694294
694295
694296
694297
694298
694299
694300
694301
694302
694303
694304
694305
694306
694307
694308
694309
694310
694311
694312
694313
694314
694315
694316
694317
694318
694319
694320
694321
694322
694323
694324
694325
694526
694527
694528
694529
694530
694531
694532
694533
694534
694535
694536
694537
694538
694539
694540
694541
694542
694543
694544
694545
694546
694547
694548
694549
694550
694551
694552
694553
694554
694555
694556
694557
694558
694559
694560
694561
694562
694563
694564
694565
694566
694567
694568
694569
694570
694571
694572
694573
694574
694575
694576
694577
694578
694579
694580
694581
694582
694583
694584
694585
694586
694587
694588
694589
694590
694591
694592
694593
694594
694595
694596
694597
